125
102
54
92
4
147
156
42
88
110
55
180
107
60
6
31
155
69
77
13
132
64
103
142
113
178
101
20
59
109
139
157
39
94
49
67
32
11
137
97
111
129
194
186
92
121
49
98
22
147
89
33
39
167
53
25
18
153
139
61
26
73
184
52
72
89
140
189
148
3
8
49
15
110
37
91
151
88
34
156
154
135
15
0
43
99
10
113
131
117
6
169
69
158
142
155
38
82
199
144
100
102
196
183
159
169
31
89
0
7
78
169
120
144
123
105
29
133
185
34
89
145
58
13
183
159
102
47
64
35
114
45
128
24
57
72
201
138
192
46
195
0
120
201
68
178
158
56
108
54
173
2
198
133
134
39
52
48
159
107
57
33
95
95
158
145
104
169
70
164
133
13
177
152
27
31
13
7
162
192
134
98
155
100
74
48
176
21
88
155
92
83
107
10
64
98
146
167
185
149
127
167
32
195
151
44
27
84
116
199
142
160
43
98
136
198
105
95
6
32
130
133
72
0
113
30
178
109
66
25
109
175
12
153
34
167
119
18
122
176
21
78
153
36
118
106
149
156
58
138
118
130
54
189
43
34
160
147
12
139
47
56
156
142
158
5
145
33
15
16
178
37
123
80
58
115
60
91
179
200
40
60
150
147
50
131
166
130
96
169
89
108
199
156
162
22
138
82
115
24
29
77
33
115
49
76
138
89
115
199
1
6
2
126
184
113
146
108
28
191
188
3
39
185
90
132
157
101
121
37
30
82
160
56
134
47
66
123
73
31
103
168
26
51
144
157
115
201
167
103
39
132
14
24
16
140
135
158
178
43
126
178
173
150
125
12
122
106
53
117
185
57
88
34
35
85
162
96
65
42
94
122
32
32
31
55
122
76
26
155
158
88
189
37
29
28
167
179
63
106
53
55
112
141
122
121
200
138
56
170
8
188
54
137
92
103
170
60
30
66
89
134
185
57
2
175
29
64
119
144
88
58
197
118
139
182
135
103
125
188
53
146
148
115
62
177
3
123
21
38
43
179
202
82
44
155
93
73
53
59
27
24
40
133
86
98
141
187
48
155
18
169
84
5
111
82
11
166
173
6
1
75
155
75
4
123
55
185
50
99
82
174
21
44
101
121
18
66
117
111
0
146
146
199
78
191
16
38
188
55
138
86
54
3
73
41
170
20
106
178
86
81
49
69
108
74
174
14
50
99
154
114
133
23
179
197
115
72
60
188
55
87
191
195
111
19
42
192
68
4
88
1
54
7
174
2
121
197
172
176
88
188
6
87
196
3
156
127
91
39
137
149
38
68
160
64
116
165
162
11
100
131
2
201
41
98
189
189
190
198
183
106
35
66
56
33
165
143
63
138
182
10
189
69
161
51
63
31
175
172
24
143
73
159
70
55
169
170
20
103
157
10
98
48
77
105
10
35
50
198
74
84
174
141
186
151
197
130
158
139
30
30
11
79
189
139
144
68
125
63
42
58
120
101
20
14
137
195
196
100
178
171
108
53
35
132
17
194
134
131
144
28
96
91
67
162
89
114
47
24
127
23
100
189
69
3
97
141
61
78
154
104
128
180
14
54
165
72
168
2
68
202
4
202
126
131
44
161
198
126
37
59
147
10
135
134
25
3
147
103
48
69
4
4
107
68
114
193
139
142
45
87
151
32
104
50
115
94
147
142
110
117
81
112
113
10
194
140
151
30
38
134
31
121
44
100
64
154
118
103
169
182
176
149
184
113
56
139
11
174
189
189
94
49
180
90
187
41
115
76
139
172
100
202
45
136
158
57
139
67
118
27
33
9
28
17
109
16
102
42
169
10
60
70
144
38
89
129
125
110
59
201
77
147
55
74
118
201
121
48
151
90
148
116
147
4
191
90
141
127
14
125
197
41
72
88
146
196
130
165
23
63
71
43
34
193
46
97
133
65
65
134
185
145
51
147
26
83
99
117
98
109
167
202
25
42
142
87
72
62
158
118
53
161
194
6
138
66
189
46
99
173
5
147
99
23
62
133
36
174
145
200
12
87
146
55
119
13
189
20
119
191
49
33
89
95
25
59
155
75
78
58
43
179
75
150
172
112
106
93
4
156
127
183
189
174
169
162
93
86
143
66
30
166
72
131
170
168
141
82
15
158
159
50
15
193
202
139
42
129
60
111
27
189
119
174
136
122
154
9
198
141
2
192
82
167
125
191
169
1
84
21
19
89
135
133
28
60
29
151
171
67
134
200
85
77
196
35
120
129
93
76
126
83
91
89
140
117
158
170
